4.4707
4.47756
4.44366
4.47067
4.52483
4.59194
4.49219
4.45469
4.4515
4.46987
4.55469
4.52877
4.4724
4.44394
4.44459
4.44148
4.45964
4.46846
4.43209
4.43127
4.53899
4.65247
4.66789
4.66675
4.53925
4.54464
4.63507
4.65348
4.4763
4.45667
4.42956
4.43438
4.57306
4.54452
4.51735
4.58962
4.56007
4.68663
4.66809
4.71314
4.56928
4.68053
4.67346
4.70949
4.73134
4.65432
4.53217
4.48282
4.6499
4.69232
4.56684
4.57465
4.59383
4.67568
4.67558
4.68716
4.60815
4.67965
4.66309
4.66218
4.71857
4.66467
4.55896
4.55718
4.70816
4.69233
4.63422
4.59737
4.56713
4.66153
4.67764
4.71007
4.62576
4.67088
4.68276
4.68125
4.65734
4.74557
4.65239
4.58109
4.67921
4.698
4.61902
4.57374
4.66019
4.69172
4.70526
4.72469
4.70485
4.612
4.65193
4.58345
4.5983
4.74542
4.6941
4.58559
4.65148
4.69584
4.47142
4.59687
4.59325
4.68004
4.70835
4.69274
4.68583
4.64263
4.54264
4.69442
4.66453
4.63431
4.54489
4.59672
4.71202
4.68106
4.61016
4.6649
4.64849
4.67544
4.71299
4.67988
4.59132
4.58066
4.45299
4.68408
4.65962
4.47444
4.52908
4.58565
4.62549
4.63253
4.63264
4.58282
4.66801
4.63777
4.70682
4.74491
4.70179
4.6253
4.52216
4.64864
4.56725
4.48731
4.47418
4.5735
4.50194
4.53573
4.70929
4.72378
4.73098
4.68589
4.66711
4.66237
4.55838
4.74426
4.57312
4.69548
4.47358
4.44308
4.47909
4.53028
4.44234
4.46124
4.64773
4.69394
4.72136
4.67736
4.69945
4.56451
4.46076
4.66711
4.64097
4.70658
4.57984
4.5407
4.44048
4.44702
4.46047
4.46267
4.48808
4.67249
4.58071
4.67746
4.68131
4.52623
4.43932
4.5157
4.65365
4.68315
4.6058
4.49266
4.4734
4.44936
4.46251
4.4671
4.46438
4.53792
4.54084
4.60775
4.66228
4.46601
4.47017
4.55394
4.64753
4.67312
4.70394
4.52473
4.42921
4.42807
4.46191
4.45271
4.4508
4.46647
4.54103
4.50569
4.47088
4.49558
4.51593
4.63295
4.57905
4.60662
4.67083
4.45579
4.45248
4.45889
4.44424
4.47166
4.43926
4.66727
4.57736
4.69362
4.50795
4.46617
4.45945
4.5359
4.60884
4.5102
4.67911
4.52119
4.42068
4.43862
4.45713
4.48899
4.4675
4.66626
4.57883
4.64273
4.48584
4.46699
4.45227
4.58564
4.56638
4.64235
4.69531
4.64767
4.44641
4.43712
6.07611
6.06643
6.04485
6.11459
6.06442
6.06194
6.0858
6.0515
6.06664
6.05182
6.0424
6.08216
6.07536
6.02273
6.05261
6.04284
6.06053
6.05202
6.03351
6.07363
6.07076
6.03983
6.0687
6.09246
6.08211
6.07683
6.05454
6.07709
6.08885
6.06075
6.05205
6.04601
6.10193
6.0338
6.06088
6.0943
6.05239
6.03199
6.09416
6.08578
6.04266
6.08589
6.06433
6.1121
6.10923
6.08594
6.09038
6.10484
6.10635
6.07916
6.07879
6.10465
6.06824
6.05969
6.0939
6.07163
6.08131
6.09309
6.0691
6.10085
6.09929
6.0924
6.10683
6.07912
6.104
6.0886
6.06909
6.08191
6.09851
6.09333
6.12405
6.08709
6.05936
6.08225
6.04325
6.0888
6.12454
6.0742
6.08363
6.08541
6.07306
6.05307
6.11106
6.08517
6.06046
6.06717
6.10805
6.05326
6.07463
6.06901
6.03375
6.08512
6.07146
6.05084
6.06061
6.10142
6.10512
6.0781
6.10729
6.076
6.08835
6.07624
6.11523
6.09016
6.07623
6.08777
6.06049
6.11221
6.13474
6.0836
6.10876
6.07643
6.12791
6.08936
6.08169
6.11099
6.10244
6.07828
6.06762
6.10929
6.08095
6.10721
6.05463
6.07905
6.04812
6.03505
6.07531
6.1031
6.09568
6.05808
6.10071
6.10201
6.07
6.07359
6.09938
6.09627
6.08832
6.05526
6.09982
6.08099
6.10097
6.09025
6.10128
6.09794
6.16973
6.08359
6.08082
6.14701
6.09314
6.06258
6.09784
6.0652
6.07125
6.10378
6.07253
6.09657
6.078
6.06172
6.07461
6.10996
6.14079
6.09006
6.09867
6.08329
6.1116
6.05478
6.08178
6.1042
6.05449
6.10729
6.06903
6.06245
6.11151
6.04576
6.04779
6.08602
6.07879
6.06254
6.09724
6.02789
6.10055
6.07945
6.1358
6.11771
6.07852
6.08708
6.08237
6.08014
6.0953
6.07681
6.09617
6.06669
6.12099
6.07079
6.09395
6.12727
6.07387
6.0771
6.11809
6.09634
6.08593
6.06079
6.07338
6.08059
6.07885
6.09121
6.08255
6.0635
6.04357
6.07336
6.09725
6.10177
6.08513
6.03457
6.0998
6.10655
6.04656
6.05089
6.06103
6.09698
6.09009
6.05322
6.06913
6.04093
6.1344
6.05809
6.05003
6.12201
6.08162
6.07418
6.06876
6.06871
6.08944
6.04527
6.05349
6.13257
6.11608
6.07538
6.07672
6.03074
6.08041
6.08257
6.05899
6.11553
6.10116
6.07359
6.09003
6.08654
6.06014
6.07408
6.06169
6.11631
6.08803
6.06463
6.06092
6.01948
