12.2247
12.2147
13.064
12.8219
12.3619
12.9821
12.2306
12.1887
12.9656
12.8662
13.2491
13.0183
12.7009
13.043
12.709
12.6717
13.392
13.244
13.4133
13.1421
13.1135
13.1757
13.2357
12.7843
13.097
12.862
13.3036
13.4499
13.2548
13.018
12.5583
13.2309
12.7877
12.7712
13.1643
13.0624
13.28
13.2481
12.4186
12.8363
12.1609
13.1405
13.2716
12.9097
12.4844
12.9517
12.6361
12.3241
12.2358
12.4593
12.7964
12.3841
12.2944
12.7715
12.5068
12.2043
12.1595
12.6415
13.0425
12.1908
12.454
12.8523
12.7097
12.1629
16.635
16.5477
16.5413
16.5442
16.4872
16.6367
16.5175
16.4357
16.4576
16.5416
16.5699
16.5423
16.687
16.6368
16.6136
16.6675
16.7002
16.5885
16.6371
16.6975
16.6119
16.5803
16.6248
16.6197
16.5693
16.5269
16.5909
16.5844
16.5833
16.6387
16.4668
16.5064
16.5994
16.6313
16.5757
16.6931
16.5479
16.4948
16.5877
16.6496
16.6473
16.5925
16.5809
16.6481
16.6487
16.6103
16.7108
16.6695
16.5685
16.6305
16.5597
16.5907
16.615
16.5555
16.6506
16.5321
16.6431
16.5893
16.5924
16.616
16.6174
16.6352
16.6056
16.6462
